Command: A1=B120
Output: A1=B120
		A		B		C		D		E		F		G		H		I		J		
1		0               0               0               0               0               0               0               0               0               0               
2		0               0               0               0               0               0               0               0               0               0               
3		0               0               0               0               0               0               0               0               0               0               
4		0               0               0               0               0               0               0               0               0               0               
5		0               0               0               0               0               0               0               0               0               0               
6		0               0               0               0               0               0               0               0               0               0               
7		0               0               0               0               0               0               0               0               0               0               
8		0               0               0               0               0               0               0               0               0               0               
9		0               0               0               0               0               0               0               0               0               0               
10		0               0               0               0               0               0               0               0               0               0               
[0.0] (invalid command) > 

Command: ZZ10=B12
Output: ZZ10=B12
		A		B		C		D		E		F		G		H		I		J		
1		0               0               0               0               0               0               0               0               0               0               
2		0               0               0               0               0               0               0               0               0               0               
3		0               0               0               0               0               0               0               0               0               0               
4		0               0               0               0               0               0               0               0               0               0               
5		0               0               0               0               0               0               0               0               0               0               
6		0               0               0               0               0               0               0               0               0               0               
7		0               0               0               0               0               0               0               0               0               0               
8		0               0               0               0               0               0               0               0               0               0               
9		0               0               0               0               0               0               0               0               0               0               
10		0               0               0               0               0               0               0               0               0               0               
[0.0] (invalid command) > 

Command: a2=4
Output: a2=4
		A		B		C		D		E		F		G		H		I		J		
1		0               0               0               0               0               0               0               0               0               0               
2		0               0               0               0               0               0               0               0               0               0               
3		0               0               0               0               0               0               0               0               0               0               
4		0               0               0               0               0               0               0               0               0               0               
5		0               0               0               0               0               0               0               0               0               0               
6		0               0               0               0               0               0               0               0               0               0               
7		0               0               0               0               0               0               0               0               0               0               
8		0               0               0               0               0               0               0               0               0               0               
9		0               0               0               0               0               0               0               0               0               0               
10		0               0               0               0               0               0               0               0               0               0               
[0.0] (ok) > 

Command: E02=9
Output: E02=9
		A		B		C		D		E		F		G		H		I		J		
1		0               0               0               0               0               0               0               0               0               0               
2		0               0               0               0               0               0               0               0               0               0               
3		0               0               0               0               0               0               0               0               0               0               
4		0               0               0               0               0               0               0               0               0               0               
5		0               0               0               0               0               0               0               0               0               0               
6		0               0               0               0               0               0               0               0               0               0               
7		0               0               0               0               0               0               0               0               0               0               
8		0               0               0               0               0               0               0               0               0               0               
9		0               0               0               0               0               0               0               0               0               0               
10		0               0               0               0               0               0               0               0               0               0               
[0.0] (invalid command) > 

Command: E0=98
Output: E0=98
		A		B		C		D		E		F		G		H		I		J		
1		0               0               0               0               0               0               0               0               0               0               
2		0               0               0               0               0               0               0               0               0               0               
3		0               0               0               0               0               0               0               0               0               0               
4		0               0               0               0               0               0               0               0               0               0               
5		0               0               0               0               0               0               0               0               0               0               
6		0               0               0               0               0               0               0               0               0               0               
7		0               0               0               0               0               0               0               0               0               0               
8		0               0               0               0               0               0               0               0               0               0               
9		0               0               0               0               0               0               0               0               0               0               
10		0               0               0               0               0               0               0               0               0               0               
[0.0] (invalid command) > 

Command: A2=MAX((A1:C3))
Output: A2=MAX((A1:C3))
		A		B		C		D		E		F		G		H		I		J		
1		0               0               0               0               0               0               0               0               0               0               
2		0               0               0               0               0               0               0               0               0               0               
3		0               0               0               0               0               0               0               0               0               0               
4		0               0               0               0               0               0               0               0               0               0               
5		0               0               0               0               0               0               0               0               0               0               
6		0               0               0               0               0               0               0               0               0               0               
7		0               0               0               0               0               0               0               0               0               0               
8		0               0               0               0               0               0               0               0               0               0               
9		0               0               0               0               0               0               0               0               0               0               
10		0               0               0               0               0               0               0               0               0               0               
[0.0] (invalid command) > 

Command: A1=SLEEP()
Output: A1=SLEEP()
		A		B		C		D		E		F		G		H		I		J		
1		0               0               0               0               0               0               0               0               0               0               
2		0               0               0               0               0               0               0               0               0               0               
3		0               0               0               0               0               0               0               0               0               0               
4		0               0               0               0               0               0               0               0               0               0               
5		0               0               0               0               0               0               0               0               0               0               
6		0               0               0               0               0               0               0               0               0               0               
7		0               0               0               0               0               0               0               0               0               0               
8		0               0               0               0               0               0               0               0               0               0               
9		0               0               0               0               0               0               0               0               0               0               
10		0               0               0               0               0               0               0               0               0               0               
[0.0] (invalid command) > 

Command: A1=MAX()
Output: A1=MAX()
		A		B		C		D		E		F		G		H		I		J		
1		0               0               0               0               0               0               0               0               0               0               
2		0               0               0               0               0               0               0               0               0               0               
3		0               0               0               0               0               0               0               0               0               0               
4		0               0               0               0               0               0               0               0               0               0               
5		0               0               0               0               0               0               0               0               0               0               
6		0               0               0               0               0               0               0               0               0               0               
7		0               0               0               0               0               0               0               0               0               0               
8		0               0               0               0               0               0               0               0               0               0               
9		0               0               0               0               0               0               0               0               0               0               
10		0               0               0               0               0               0               0               0               0               0               
[0.0] (invalid command) > 

Command: A1==5
Output: A1==5
		A		B		C		D		E		F		G		H		I		J		
1		0               0               0               0               0               0               0               0               0               0               
2		0               0               0               0               0               0               0               0               0               0               
3		0               0               0               0               0               0               0               0               0               0               
4		0               0               0               0               0               0               0               0               0               0               
5		0               0               0               0               0               0               0               0               0               0               
6		0               0               0               0               0               0               0               0               0               0               
7		0               0               0               0               0               0               0               0               0               0               
8		0               0               0               0               0               0               0               0               0               0               
9		0               0               0               0               0               0               0               0               0               0               
10		0               0               0               0               0               0               0               0               0               0               
[0.0] (invalid command) > 

Command: A1=SLEEP(C1+D1)
Output: A1=SLEEP(C1+D1)
		A		B		C		D		E		F		G		H		I		J		
1		0               0               0               0               0               0               0               0               0               0               
2		0               0               0               0               0               0               0               0               0               0               
3		0               0               0               0               0               0               0               0               0               0               
4		0               0               0               0               0               0               0               0               0               0               
5		0               0               0               0               0               0               0               0               0               0               
6		0               0               0               0               0               0               0               0               0               0               
7		0               0               0               0               0               0               0               0               0               0               
8		0               0               0               0               0               0               0               0               0               0               
9		0               0               0               0               0               0               0               0               0               0               
10		0               0               0               0               0               0               0               0               0               0               
[0.0] (invalid command) > 

Command: A1=SLEEP(C1+2)
Output: A1=SLEEP(C1+2)
		A		B		C		D		E		F		G		H		I		J		
1		0               0               0               0               0               0               0               0               0               0               
2		0               0               0               0               0               0               0               0               0               0               
3		0               0               0               0               0               0               0               0               0               0               
4		0               0               0               0               0               0               0               0               0               0               
5		0               0               0               0               0               0               0               0               0               0               
6		0               0               0               0               0               0               0               0               0               0               
7		0               0               0               0               0               0               0               0               0               0               
8		0               0               0               0               0               0               0               0               0               0               
9		0               0               0               0               0               0               0               0               0               0               
10		0               0               0               0               0               0               0               0               0               0               
[0.0] (invalid command) > 

Command: E1=--D1
Output: E1=--D1
		A		B		C		D		E		F		G		H		I		J		
1		0               0               0               0               0               0               0               0               0               0               
2		0               0               0               0               0               0               0               0               0               0               
3		0               0               0               0               0               0               0               0               0               0               
4		0               0               0               0               0               0               0               0               0               0               
5		0               0               0               0               0               0               0               0               0               0               
6		0               0               0               0               0               0               0               0               0               0               
7		0               0               0               0               0               0               0               0               0               0               
8		0               0               0               0               0               0               0               0               0               0               
9		0               0               0               0               0               0               0               0               0               0               
10		0               0               0               0               0               0               0               0               0               0               
[0.0] (invalid command) > 

Command: A1=MAZ(B1:C5)
Output: A1=MAZ(B1:C5)
		A		B		C		D		E		F		G		H		I		J		
1		0               0               0               0               0               0               0               0               0               0               
2		0               0               0               0               0               0               0               0               0               0               
3		0               0               0               0               0               0               0               0               0               0               
4		0               0               0               0               0               0               0               0               0               0               
5		0               0               0               0               0               0               0               0               0               0               
6		0               0               0               0               0               0               0               0               0               0               
7		0               0               0               0               0               0               0               0               0               0               
8		0               0               0               0               0               0               0               0               0               0               
9		0               0               0               0               0               0               0               0               0               0               
10		0               0               0               0               0               0               0               0               0               0               
[0.0] (invalid command) > 

Command: A1=--5
Output: A1=--5
		A		B		C		D		E		F		G		H		I		J		
1		0               0               0               0               0               0               0               0               0               0               
2		0               0               0               0               0               0               0               0               0               0               
3		0               0               0               0               0               0               0               0               0               0               
4		0               0               0               0               0               0               0               0               0               0               
5		0               0               0               0               0               0               0               0               0               0               
6		0               0               0               0               0               0               0               0               0               0               
7		0               0               0               0               0               0               0               0               0               0               
8		0               0               0               0               0               0               0               0               0               0               
9		0               0               0               0               0               0               0               0               0               0               
10		0               0               0               0               0               0               0               0               0               0               
[0.0] (invalid command) > 

Command: A1=-4+++5
Output: A1=-4+++5
		A		B		C		D		E		F		G		H		I		J		
1		0               0               0               0               0               0               0               0               0               0               
2		0               0               0               0               0               0               0               0               0               0               
3		0               0               0               0               0               0               0               0               0               0               
4		0               0               0               0               0               0               0               0               0               0               
5		0               0               0               0               0               0               0               0               0               0               
6		0               0               0               0               0               0               0               0               0               0               
7		0               0               0               0               0               0               0               0               0               0               
8		0               0               0               0               0               0               0               0               0               0               
9		0               0               0               0               0               0               0               0               0               0               
10		0               0               0               0               0               0               0               0               0               0               
[0.0] (invalid command) > 

