Command: A1=SLEEP(B1)
Output: A1=SLEEP(B1)
		A		B		C		D		E		F		G		H		I		J		
1		0               0               0               0               0               0               0               0               0               0               
2		0               0               0               0               0               0               0               0               0               0               
3		0               0               0               0               0               0               0               0               0               0               
4		0               0               0               0               0               0               0               0               0               0               
5		0               0               0               0               0               0               0               0               0               0               
6		0               0               0               0               0               0               0               0               0               0               
7		0               0               0               0               0               0               0               0               0               0               
8		0               0               0               0               0               0               0               0               0               0               
9		0               0               0               0               0               0               0               0               0               0               
10		0               0               0               0               0               0               0               0               0               0               
[0.0] (ok) > 

Command: B1=SLEEP(C1)
Output: B1=SLEEP(C1)
		A		B		C		D		E		F		G		H		I		J		
1		0               0               0               0               0               0               0               0               0               0               
2		0               0               0               0               0               0               0               0               0               0               
3		0               0               0               0               0               0               0               0               0               0               
4		0               0               0               0               0               0               0               0               0               0               
5		0               0               0               0               0               0               0               0               0               0               
6		0               0               0               0               0               0               0               0               0               0               
7		0               0               0               0               0               0               0               0               0               0               
8		0               0               0               0               0               0               0               0               0               0               
9		0               0               0               0               0               0               0               0               0               0               
10		0               0               0               0               0               0               0               0               0               0               
[0.0] (ok) > 

Command: C1=2
Output: C1=2
		A		B		C		D		E		F		G		H		I		J		
1		2               2               2               0               0               0               0               0               0               0               
2		0               0               0               0               0               0               0               0               0               0               
3		0               0               0               0               0               0               0               0               0               0               
4		0               0               0               0               0               0               0               0               0               0               
5		0               0               0               0               0               0               0               0               0               0               
6		0               0               0               0               0               0               0               0               0               0               
7		0               0               0               0               0               0               0               0               0               0               
8		0               0               0               0               0               0               0               0               0               0               
9		0               0               0               0               0               0               0               0               0               0               
10		0               0               0               0               0               0               0               0               0               0               
[4.0] (ok) > 

Command: A2=-1
Output: A2=-1
		A		B		C		D		E		F		G		H		I		J		
1		2               2               2               0               0               0               0               0               0               0               
2		-1              0               0               0               0               0               0               0               0               0               
3		0               0               0               0               0               0               0               0               0               0               
4		0               0               0               0               0               0               0               0               0               0               
5		0               0               0               0               0               0               0               0               0               0               
6		0               0               0               0               0               0               0               0               0               0               
7		0               0               0               0               0               0               0               0               0               0               
8		0               0               0               0               0               0               0               0               0               0               
9		0               0               0               0               0               0               0               0               0               0               
10		0               0               0               0               0               0               0               0               0               0               
[0.0] (ok) > 

Command: B2=SLEEP(A2)
Output: B2=SLEEP(A2)
		A		B		C		D		E		F		G		H		I		J		
1		2               2               2               0               0               0               0               0               0               0               
2		-1              -1              0               0               0               0               0               0               0               0               
3		0               0               0               0               0               0               0               0               0               0               
4		0               0               0               0               0               0               0               0               0               0               
5		0               0               0               0               0               0               0               0               0               0               
6		0               0               0               0               0               0               0               0               0               0               
7		0               0               0               0               0               0               0               0               0               0               
8		0               0               0               0               0               0               0               0               0               0               
9		0               0               0               0               0               0               0               0               0               0               
10		0               0               0               0               0               0               0               0               0               0               
[0.0] (ok) > 

Command: D2 = 3
Output: D2 = 3
		A		B		C		D		E		F		G		H		I		J		
1		2               2               2               0               0               0               0               0               0               0               
2		-1              -1              0               0               0               0               0               0               0               0               
3		0               0               0               0               0               0               0               0               0               0               
4		0               0               0               0               0               0               0               0               0               0               
5		0               0               0               0               0               0               0               0               0               0               
6		0               0               0               0               0               0               0               0               0               0               
7		0               0               0               0               0               0               0               0               0               0               
8		0               0               0               0               0               0               0               0               0               0               
9		0               0               0               0               0               0               0               0               0               0               
10		0               0               0               0               0               0               0               0               0               0               
[0.0] (invalid command) > 

Command: D1 = MAX(D2:D3)
Output: D1 = MAX(D2:D3)
		A		B		C		D		E		F		G		H		I		J		
1		2               2               2               0               0               0               0               0               0               0               
2		-1              -1              0               0               0               0               0               0               0               0               
3		0               0               0               0               0               0               0               0               0               0               
4		0               0               0               0               0               0               0               0               0               0               
5		0               0               0               0               0               0               0               0               0               0               
6		0               0               0               0               0               0               0               0               0               0               
7		0               0               0               0               0               0               0               0               0               0               
8		0               0               0               0               0               0               0               0               0               0               
9		0               0               0               0               0               0               0               0               0               0               
10		0               0               0               0               0               0               0               0               0               0               
[0.0] (invalid command) > 

Command: C1 = SLEEP(D1)
Output: C1 = SLEEP(D1)
		A		B		C		D		E		F		G		H		I		J		
1		2               2               2               0               0               0               0               0               0               0               
2		-1              -1              0               0               0               0               0               0               0               0               
3		0               0               0               0               0               0               0               0               0               0               
4		0               0               0               0               0               0               0               0               0               0               
5		0               0               0               0               0               0               0               0               0               0               
6		0               0               0               0               0               0               0               0               0               0               
7		0               0               0               0               0               0               0               0               0               0               
8		0               0               0               0               0               0               0               0               0               0               
9		0               0               0               0               0               0               0               0               0               0               
10		0               0               0               0               0               0               0               0               0               0               
[0.0] (invalid command) > 

Command: D3 = 1
Output: D3 = 1
		A		B		C		D		E		F		G		H		I		J		
1		2               2               2               0               0               0               0               0               0               0               
2		-1              -1              0               0               0               0               0               0               0               0               
3		0               0               0               0               0               0               0               0               0               0               
4		0               0               0               0               0               0               0               0               0               0               
5		0               0               0               0               0               0               0               0               0               0               
6		0               0               0               0               0               0               0               0               0               0               
7		0               0               0               0               0               0               0               0               0               0               
8		0               0               0               0               0               0               0               0               0               0               
9		0               0               0               0               0               0               0               0               0               0               
10		0               0               0               0               0               0               0               0               0               0               
[0.0] (invalid command) > 

Command: F1=E1
Output: F1=E1
		A		B		C		D		E		F		G		H		I		J		
1		2               2               2               0               0               0               0               0               0               0               
2		-1              -1              0               0               0               0               0               0               0               0               
3		0               0               0               0               0               0               0               0               0               0               
4		0               0               0               0               0               0               0               0               0               0               
5		0               0               0               0               0               0               0               0               0               0               
6		0               0               0               0               0               0               0               0               0               0               
7		0               0               0               0               0               0               0               0               0               0               
8		0               0               0               0               0               0               0               0               0               0               
9		0               0               0               0               0               0               0               0               0               0               
10		0               0               0               0               0               0               0               0               0               0               
[0.0] (ok) > 

Command: G1=E1+1
Output: G1=E1+1
		A		B		C		D		E		F		G		H		I		J		
1		2               2               2               0               0               0               1               0               0               0               
2		-1              -1              0               0               0               0               0               0               0               0               
3		0               0               0               0               0               0               0               0               0               0               
4		0               0               0               0               0               0               0               0               0               0               
5		0               0               0               0               0               0               0               0               0               0               
6		0               0               0               0               0               0               0               0               0               0               
7		0               0               0               0               0               0               0               0               0               0               
8		0               0               0               0               0               0               0               0               0               0               
9		0               0               0               0               0               0               0               0               0               0               
10		0               0               0               0               0               0               0               0               0               0               
[0.0] (ok) > 

Command: H1=F1+G1
Output: H1=F1+G1
		A		B		C		D		E		F		G		H		I		J		
1		2               2               2               0               0               0               1               1               0               0               
2		-1              -1              0               0               0               0               0               0               0               0               
3		0               0               0               0               0               0               0               0               0               0               
4		0               0               0               0               0               0               0               0               0               0               
5		0               0               0               0               0               0               0               0               0               0               
6		0               0               0               0               0               0               0               0               0               0               
7		0               0               0               0               0               0               0               0               0               0               
8		0               0               0               0               0               0               0               0               0               0               
9		0               0               0               0               0               0               0               0               0               0               
10		0               0               0               0               0               0               0               0               0               0               
[0.0] (ok) > 

Command: E1=SLEEP(1)
Output: E1=SLEEP(1)
		A		B		C		D		E		F		G		H		I		J		
1		2               2               2               0               1               1               2               3               0               0               
2		-1              -1              0               0               0               0               0               0               0               0               
3		0               0               0               0               0               0               0               0               0               0               
4		0               0               0               0               0               0               0               0               0               0               
5		0               0               0               0               0               0               0               0               0               0               
6		0               0               0               0               0               0               0               0               0               0               
7		0               0               0               0               0               0               0               0               0               0               
8		0               0               0               0               0               0               0               0               0               0               
9		0               0               0               0               0               0               0               0               0               0               
10		0               0               0               0               0               0               0               0               0               0               
[1.0] (ok) > 

