Command: A1=B1*0
Output: A1=B1*0
		A		B		C		D		E		F		G		H		I		J		
1		0               0               0               0               0               0               0               0               0               0               
2		0               0               0               0               0               0               0               0               0               0               
3		0               0               0               0               0               0               0               0               0               0               
4		0               0               0               0               0               0               0               0               0               0               
5		0               0               0               0               0               0               0               0               0               0               
6		0               0               0               0               0               0               0               0               0               0               
7		0               0               0               0               0               0               0               0               0               0               
8		0               0               0               0               0               0               0               0               0               0               
9		0               0               0               0               0               0               0               0               0               0               
10		0               0               0               0               0               0               0               0               0               0               
[0.0] (ok) > 

Command: B1=C1
Output: B1=C1
		A		B		C		D		E		F		G		H		I		J		
1		0               0               0               0               0               0               0               0               0               0               
2		0               0               0               0               0               0               0               0               0               0               
3		0               0               0               0               0               0               0               0               0               0               
4		0               0               0               0               0               0               0               0               0               0               
5		0               0               0               0               0               0               0               0               0               0               
6		0               0               0               0               0               0               0               0               0               0               
7		0               0               0               0               0               0               0               0               0               0               
8		0               0               0               0               0               0               0               0               0               0               
9		0               0               0               0               0               0               0               0               0               0               
10		0               0               0               0               0               0               0               0               0               0               
[0.0] (ok) > 

Command: C1=A1
Output: C1=A1
		A		B		C		D		E		F		G		H		I		J		
1		0               0               0               0               0               0               0               0               0               0               
2		0               0               0               0               0               0               0               0               0               0               
3		0               0               0               0               0               0               0               0               0               0               
4		0               0               0               0               0               0               0               0               0               0               
5		0               0               0               0               0               0               0               0               0               0               
6		0               0               0               0               0               0               0               0               0               0               
7		0               0               0               0               0               0               0               0               0               0               
8		0               0               0               0               0               0               0               0               0               0               
9		0               0               0               0               0               0               0               0               0               0               
10		0               0               0               0               0               0               0               0               0               0               
[0.0] (Cycle Detected) > 

